# This file may be used to create an environment using:
# $ conda create --name <env> --file <this file>
# platform: win-64
asttokens=2.4.1=pyhd8ed1ab_0
bzip2=1.0.8=hcfcfb64_5
ca-certificates=2024.2.2=h56e8100_0
colorama=0.4.6=pyhd8ed1ab_0
comm=0.2.2=pyhd8ed1ab_0
debugpy=1.8.1=py312h53d5487_0
decorator=5.1.1=pyhd8ed1ab_0
exceptiongroup=1.2.0=pyhd8ed1ab_2
executing=2.0.1=pyhd8ed1ab_0
importlib-metadata=7.1.0=pyha770c72_0
importlib_metadata=7.1.0=hd8ed1ab_0
ipykernel=6.29.3=pyha63f2e9_0
ipython=8.24.0=pyh7428d3b_0
jedi=0.19.1=pyhd8ed1ab_0
jupyter_client=8.6.1=pyhd8ed1ab_0
jupyter_core=5.7.2=py312h2e8e312_0
krb5=1.21.2=heb0366b_0
libexpat=2.6.2=h63175ca_0
libffi=3.4.2=h8ffe710_5
libsodium=1.0.18=h8d14728_1
libsqlite=3.45.3=hcfcfb64_0
libzlib=1.2.13=hcfcfb64_5
matplotlib-inline=0.1.7=pyhd8ed1ab_0
mouseinfo=0.1.3=pypi_0
nest-asyncio=1.6.0=pyhd8ed1ab_0
numpy=1.26.4=pypi_0
opencv-python=4.9.0.80=pypi_0
opencv-python-headless=4.9.0.80=pypi_0
openssl=3.3.0=hcfcfb64_0
packaging=24.0=pyhd8ed1ab_0
pandas=2.2.2=pypi_0
parso=0.8.4=pyhd8ed1ab_0
pickleshare=0.7.5=py_1003
pillow=10.3.0=pypi_0
pip=24.0=pyhd8ed1ab_0
platformdirs=4.2.2=pyhd8ed1ab_0
prompt-toolkit=3.0.42=pyha770c72_0
psutil=5.9.8=py312he70551f_0
pure_eval=0.2.2=pyhd8ed1ab_0
pyautogui=0.9.54=pypi_0
pygetwindow=0.0.9=pypi_0
pygments=2.18.0=pyhd8ed1ab_0
pymsgbox=1.0.9=pypi_0
pyperclip=1.8.2=pypi_0
pyrect=0.2.0=pypi_0
pyscreeze=0.1.30=pypi_0
python=3.12.3=h2628c8c_0_cpython
python-dateutil=2.9.0=pyhd8ed1ab_0
python_abi=3.12=4_cp312
pytweening=1.2.0=pypi_0
pytz=2024.1=pypi_0
pywin32=306=py312h53d5487_2
pyzmq=26.0.3=py312hd7027bb_0
setuptools=69.5.1=pyhd8ed1ab_0
six=1.16.0=pyh6c4a22f_0
stack_data=0.6.2=pyhd8ed1ab_0
tk=8.6.13=h5226925_1
tornado=6.4=py312he70551f_0
traitlets=5.14.3=pyhd8ed1ab_0
typing_extensions=4.11.0=pyha770c72_0
tzdata=2024.1=pypi_0
ucrt=10.0.22621.0=h57928b3_0
vc=14.3=hcf57466_18
vc14_runtime=14.38.33130=h82b7239_18
vs2015_runtime=14.38.33130=hcb4865c_18
wcwidth=0.2.13=pyhd8ed1ab_0
wheel=0.43.0=pyhd8ed1ab_1
xz=5.2.6=h8d14728_0
zeromq=4.3.5=he1f189c_4
zipp=3.17.0=pyhd8ed1ab_0
